4 4
A 0 0 0 0 0 0 0 2 0 0 0 0 0 0 0 
0 0 0 0 2 0 1 0 0 0 0 0 D 0 0 0 
8 0 0 0 0 0 9 0 3 0 1 0 0 0 0 0 
0 0 0 0 0 0 0 0 0 0 B 0 0 0 0 0 
0 0 0 5 0 0 0 0 0 0 0 0 0 0 0 0 
0 0 0 0 0 0 0 0 0 0 0 0 0 0 0 0 
0 0 0 0 0 0 0 0 0 4 0 0 0 0 0 0 
0 0 0 0 0 0 0 0 0 0 0 0 0 0 0 0 
0 0 0 0 0 0 0 0 0 0 0 0 0 0 0 0 
0 0 0 0 0 0 0 0 0 0 0 0 0 0 0 0 
0 0 0 0 0 6 0 0 0 0 0 8 0 0 0 0 
0 0 0 0 0 0 0 0 0 0 0 0 0 0 2 0 
0 0 0 B 0 0 0 0 0 0 0 0 0 0 0 0 
0 0 0 0 0 0 0 0 0 0 0 0 0 0 0 0 
0 0 0 0 0 0 8 0 0 0 0 2 0 0 0 0 
0 F C 0 0 0 0 0 0 0 0 0 0 0 0 0 
